0 1.2250 9.8066 340.3
50 1.21913 9.8065 340.05
100 1.21328 9.9063 339.8
200 1.20165 9.8060 339.55
250 1.19587 9.8059 339.3
300 1.19011 9.8057 339.0
400 1.17865 9.8056 338.7
500 1.1673 9.8051 338.4
750 1.13921 9.8043 337.4
1000 1.1117 9.8036 336.4
1250 1.0846 9.8028 335.5
1500 1.0581 9.8020 334.5
1750 1.03208 9.8013 333.5
2000 1.0065 9.8005 332.5
2500 0.9569 9.7989 330.5
3000 0.9093 9.7974 328.6
3500 0.8634 9.7959 322.6
4000 0.8193 9.7943 324.6
4500 0.7770 9.7928 322.6
5000 0.7336 9.7912 320.5
5500 0.6974 9.7897 318.5
6000 0.6601 9.7882 316.5
6500 0.6243 9.7866 314.4
7000 0.5900 9.78 312.3
7500 0.5571 9.78 310.2
8000 0.5257 9.78 308.1
8500 0.4957 9.78 305.9
9000 0.4670 9.78 303.8
9500 0.4396 9.77 301.7
10000 0.4135 9.77 299.5
10500 0.3885 9.77 299.35
11000 0.3648 9.77 295.2
11500 0.3374 9.77 295.15
12000 0.3119 9.77 295.1
13000 0.2665 9.77 295.1
14000 0.2279 9.76 295.1
15000 0.1947 9.76 295.1
16000 0.1665 9.76 295.1
17000 0.1423 9.75 295.1
18000 0.1216 9.75 295.1
19000 0.1039 9.75 295.1
20000 0.0889 9.75 295.1
22000 0.0645 9.74 295.1
24000 0.0469 9.73 295.1
25000 0.0394 9.7297 298.4
26000 0.0342 9.73 299.5
28000 0.0251 9.72 300.6
30000 0.0184 9.71 301.7
32000 0.0136 9.70 303.0
34000 0.0099 9.7912 307.47
36000 0.00726 9.70 311.93
38000 0.0054 9.7912 316.4
40000 0.00400 9.68 320.87
45000 0.00196 9.7912 325.33
50000 0.00103 9.65 329.8
55000 0.00057 9.64 317.925
60000 0.00030 9.62 306.170
70000 0.0000828 9.59 294.355
80000 0.0000185 9.56 282.54
